#************************************************************************
# 
#    These are published data of the HERMES Collaboration.
#    You are free to use these data in any publication. 
#    However, you must make a reference to the following publication:
# 
#    A. Airapetian et al, Phys. Rev. D 87 (2013) 074029 
# 
#************************************************************************
# 
# Covariance matrix for "dv/uv" from HERMES
# Configuration: z-3D (x: 2, z: 10, Php: 5)
# Projected to: 1D (z: 10)
# Optional settings: VM subtracted
#
#  i    j       "dv/uv"
   0    0  1.491234e-02
   0    1 -3.943504e-04
   0    2  1.412057e-05
   0    3 -5.346925e-06
   0    4 -7.016958e-07
   0    5 -2.748402e-07
   0    6  1.520728e-07
   0    7  7.499964e-08
   0    8 -1.410227e-08
   0    9  2.294773e-09
   1    0 -3.943504e-04
   1    1  1.052543e-03
   1    2 -1.268868e-04
   1    3  6.096260e-06
   1    4 -2.738209e-06
   1    5 -3.287405e-07
   1    6 -2.120100e-07
   1    7 -3.802628e-08
   1    8  9.307818e-08
   1    9  7.958727e-09
   2    0  1.412057e-05
   2    1 -1.268868e-04
   2    2  4.618830e-04
   2    3 -9.640256e-05
   2    4  1.790639e-06
   2    5 -1.667910e-06
   2    6 -2.731079e-07
   2    7 -3.258970e-07
   2    8 -6.560750e-08
   2    9  2.942028e-08
   3    0 -5.346925e-06
   3    1  6.096260e-06
   3    2 -9.640256e-05
   3    3  3.670293e-04
   3    4 -4.939609e-05
   3    5  4.473866e-06
   3    6 -1.760788e-06
   3    7 -1.410697e-07
   3    8 -4.507634e-07
   3    9  8.785819e-09
   4    0 -7.016958e-07
   4    1 -2.738209e-06
   4    2  1.790639e-06
   4    3 -4.939609e-05
   4    4  1.350300e-04
   4    5 -3.303767e-05
   4    6  3.092996e-06
   4    7 -1.985850e-06
   4    8 -3.636000e-07
   4    9 -1.852923e-07
   5    0 -2.748402e-07
   5    1 -3.287405e-07
   5    2 -1.667910e-06
   5    3  4.473866e-06
   5    4 -3.303767e-05
   5    5  1.659073e-04
   5    6 -5.066044e-05
   5    7  7.284474e-06
   5    8 -4.576442e-06
   5    9 -2.348105e-07
   6    0  1.520728e-07
   6    1 -2.120100e-07
   6    2 -2.731079e-07
   6    3 -1.760788e-06
   6    4  3.092996e-06
   6    5 -5.066044e-05
   6    6  2.090823e-04
   6    7 -7.709819e-05
   6    8  1.730265e-05
   6    9 -3.350288e-06
   7    0  7.499964e-08
   7    1 -3.802628e-08
   7    2 -3.258970e-07
   7    3 -1.410697e-07
   7    4 -1.985850e-06
   7    5  7.284474e-06
   7    6 -7.709819e-05
   7    7  2.656183e-04
   7    8 -1.278814e-04
   7    9  1.058102e-05
   8    0 -1.410227e-08
   8    1  9.307818e-08
   8    2 -6.560750e-08
   8    3 -4.507634e-07
   8    4 -3.636000e-07
   8    5 -4.576442e-06
   8    6  1.730265e-05
   8    7 -1.278814e-04
   8    8  4.060833e-04
   8    9 -7.143353e-05
   9    0  2.294773e-09
   9    1  7.958727e-09
   9    2  2.942028e-08
   9    3  8.785819e-09
   9    4 -1.852923e-07
   9    5 -2.348105e-07
   9    6 -3.350288e-06
   9    7  1.058102e-05
   9    8 -7.143353e-05
   9    9  7.880759e-05
